Ticket 01
--------------------------
01, 02, 17, 22, 26, 40, 49
--------------------------
05, 09, 26, 29, 38, 41, 44
--------------------------
15, 18, 20, 22, 39, 41, 44
--------------------------
--------------------------

Ticket 02
--------------------------
01, 05, 06, 20, 30, 33, 45
--------------------------
01, 05, 07, 09, 32, 42, 44
--------------------------
01, 05, 19, 20, 28, 41, 42
--------------------------
--------------------------

Ticket 03
--------------------------
01, 05, 14, 18, 39, 40, 41
--------------------------
05, 10, 28, 29, 38, 42, 47
--------------------------
05, 10, 16, 27, 30, 36, 42
--------------------------
--------------------------

