Ticket 01
--------------------------
07, 18, 24, 27, 32, 43, 45
--------------------------
01, 18, 26, 28, 35, 45, 47
--------------------------
02, 12, 14, 27, 46, 47, 48
--------------------------
--------------------------

Ticket 02
--------------------------
01, 03, 14, 24, 33, 40, 43
--------------------------
02, 05, 20, 21, 23, 32, 47
--------------------------
07, 10, 18, 21, 26, 41, 43
--------------------------
--------------------------

Ticket 03
--------------------------
02, 06, 11, 20, 45, 47, 48
--------------------------
06, 07, 12, 18, 24, 44, 45
--------------------------
02, 13, 18, 20, 26, 35, 47
--------------------------
--------------------------

Ticket 04
--------------------------
03, 06, 19, 20, 24, 42, 43
--------------------------
06, 07, 08, 24, 31, 32, 38
--------------------------
04, 14, 15, 18, 27, 36, 45
--------------------------
--------------------------

